(kicad_pcb (version 20171130) (host pcbnew "(5.0.0)")

  (general
    (thickness 1.6)
    (drawings 7)
    (tracks 450)
    (zones 0)
    (modules 36)
    (nets 66)
  )

  (page A4)
  (layers
    (0 F.Cu signal)
    (31 B.Cu signal)
    (32 B.Adhes user)
    (33 F.Adhes user)
    (34 B.Paste user hide)
    (35 F.Paste user hide)
    (36 B.SilkS user hide)
    (37 F.SilkS user)
    (38 B.Mask user hide)
    (39 F.Mask user hide)
    (40 Dwgs.User user)
    (41 Cmts.User user)
    (42 Eco1.User user)
    (43 Eco2.User user)
    (44 Edge.Cuts user)
    (45 Margin user)
    (46 B.CrtYd user)
    (47 F.CrtYd user)
    (48 B.Fab user hide)
    (49 F.Fab user hide)
  )

  (setup
    (last_trace_width 0.152)
    (trace_clearance 0.152)
    (zone_clearance 0.508)
    (zone_45_only no)
    (trace_min 0.152)
    (segment_width 0.2)
    (edge_width 0.15)
    (via_size 0.6)
    (via_drill 0.3)
    (via_min_size 0.4)
    (via_min_drill 0.3)
    (uvia_size 0.3)
    (uvia_drill 0.1)
    (uvias_allowed no)
    (uvia_min_size 0.2)
    (uvia_min_drill 0.1)
    (pcb_text_width 0.3)
    (pcb_text_size 1.5 1.5)
    (mod_edge_width 0.15)
    (mod_text_size 0.000001 0.000001)
    (mod_text_width 0.15)
    (pad_size 1.4 1.4)
    (pad_drill 0.6)
    (pad_to_mask_clearance 0.2)
    (solder_mask_min_width 0.25)
    (aux_axis_origin 0 0)
    (visible_elements 7FFFFE7F)
    (pcbplotparams
      (layerselection 0x010fc_ffffffff)
      (usegerberextensions false)
      (usegerberattributes false)
      (usegerberadvancedattributes false)
      (creategerberjobfile false)
      (excludeedgelayer true)
      (linewidth 0.100000)
      (plotframeref false)
      (viasonmask false)
      (mode 1)
      (useauxorigin false)
      (hpglpennumber 1)
      (hpglpenspeed 20)
      (hpglpendiameter 15.000000)
      (psnegative false)
      (psa4output false)
      (plotreference true)
      (plotvalue true)
      (plotinvisibletext false)
      (padsonsilk false)
      (subtractmaskfromsilk false)
      (outputformat 1)
      (mirror false)
      (drillshape 1)
      (scaleselection 1)
      (outputdirectory ""))
  )

  (net 0 "")
  (net 1 GND)
  (net 2 /OSC_IN)
  (net 3 /OSC_OUT)
  (net 4 /RESET)
  (net 5 +3V3)
  (net 6 /5V)
  (net 7 /OSC32_IN)
  (net 8 /OSC32_OUT)
  (net 9 "Net-(C12-Pad1)")
  (net 10 "Net-(C13-Pad1)")
  (net 11 "Net-(D1-Pad1)")
  (net 12 "Net-(D2-Pad1)")
  (net 13 /BOOT0)
  (net 14 /PC7)
  (net 15 /PC6)
  (net 16 /PC5)
  (net 17 /PC4)
  (net 18 /PC3)
  (net 19 /PC2)
  (net 20 /PC1)
  (net 21 /PC0)
  (net 22 /PA15)
  (net 23 /PA12)
  (net 24 /PA11)
  (net 25 /PA10)
  (net 26 /PA9)
  (net 27 /PA8)
  (net 28 /PA7)
  (net 29 /PA6)
  (net 30 /PA5)
  (net 31 /PA4)
  (net 32 /PA3)
  (net 33 /PA2)
  (net 34 /PA1)
  (net 35 /PA0)
  (net 36 /VBAT)
  (net 37 /PD2)
  (net 38 /PB0)
  (net 39 /PB1)
  (net 40 /PB2)
  (net 41 /PB3)
  (net 42 /PB4)
  (net 43 /PB5)
  (net 44 /PB6)
  (net 45 /PB7)
  (net 46 /PB8)
  (net 47 /PB9)
  (net 48 /PB10)
  (net 49 /PB11)
  (net 50 /PB12)
  (net 51 /PB13)
  (net 52 /PB14)
  (net 53 /PB15)
  (net 54 /PC8)
  (net 55 /PC9)
  (net 56 /PC10)
  (net 57 /PC11)
  (net 58 /PC12)
  (net 59 /LED1)
  (net 60 "Net-(J4-Pad2)")
  (net 61 "Net-(J4-Pad4)")
  (net 62 "Net-(J4-Pad3)")
  (net 63 /SWDIO)
  (net 64 /SWDCLK)
  (net 65 "Net-(R5-Pad1)")

  (net_class Default "This is the default net class."
    (clearance 0.152)
    (trace_width 0.152)
    (via_dia 0.6)
    (via_drill 0.3)
    (uvia_dia 0.3)
    (uvia_drill 0.1)
    (add_net +3V3)
    (add_net /BOOT0)
    (add_net /LED1)
    (add_net /OSC32_IN)
    (add_net /OSC32_OUT)
    (add_net /OSC_IN)
    (add_net /OSC_OUT)
    (add_net /PA0)
    (add_net /PA1)
    (add_net /PA10)
    (add_net /PA11)
    (add_net /PA12)
    (add_net /PA15)
    (add_net /PA2)
    (add_net /PA3)
    (add_net /PA4)
    (add_net /PA5)
    (add_net /PA6)
    (add_net /PA7)
    (add_net /PA8)
    (add_net /PA9)
    (add_net /PB0)
    (add_net /PB1)
    (add_net /PB10)
    (add_net /PB11)
    (add_net /PB12)
    (add_net /PB13)
    (add_net /PB14)
    (add_net /PB15)
    (add_net /PB2)
    (add_net /PB3)
    (add_net /PB4)
    (add_net /PB5)
    (add_net /PB6)
    (add_net /PB7)
    (add_net /PB8)
    (add_net /PB9)
    (add_net /PC0)
    (add_net /PC1)
    (add_net /PC10)
    (add_net /PC11)
    (add_net /PC12)
    (add_net /PC2)
    (add_net /PC3)
    (add_net /PC4)
    (add_net /PC5)
    (add_net /PC6)
    (add_net /PC7)
    (add_net /PC8)
    (add_net /PC9)
    (add_net /PD2)
    (add_net /RESET)
    (add_net /SWDCLK)
    (add_net /SWDIO)
    (add_net /VBAT)
    (add_net GND)
    (add_net "Net-(C12-Pad1)")
    (add_net "Net-(C13-Pad1)")
    (add_net "Net-(D1-Pad1)")
    (add_net "Net-(D2-Pad1)")
    (add_net "Net-(J4-Pad2)")
    (add_net "Net-(J4-Pad3)")
    (add_net "Net-(J4-Pad4)")
    (add_net "Net-(R5-Pad1)")
  )

  (net_class power ""
    (clearance 0.152)
    (trace_width 0.4)
    (via_dia 0.8)
    (via_drill 0.5)
    (uvia_dia 0.3)
    (uvia_drill 0.1)
    (add_net /5V)
  )

  (module Capacitor_SMD:C_0603_1608Metric (layer F.Cu) (tedit 5B9DC154) (tstamp 5BA99FC8)
    (at 129.794 114.554 90)
    (descr "Capacitor SMD 0603 (1608 Metric), square (rectangular) end terminal, IPC_7351 nominal, (Body size source: http://www.tortai-tech.com/upload/download/2011102023233369053.pdf), generated with kicad-footprint-generator")
    (tags capacitor)
    (path /5B9AF9F2)
    (attr smd)
    (fp_text reference C1 (at 0 -1.43 90) (layer F.SilkS) hide
      (effects (font (size 1 1) (thickness 0.15)))
    )
    (fp_text value 22pF (at 0 1.43 90) (layer F.Fab)
      (effects (font (size 1 1) (thickness 0.15)))
    )
    (fp_text user %R (at 0 0 90) (layer F.Fab)
      (effects (font (size 0.4 0.4) (thickness 0.06)))
    )
    (fp_line (start 1.48 0.73) (end -1.48 0.73) (layer F.CrtYd) (width 0.05))
    (fp_line (start 1.48 -0.73) (end 1.48 0.73) (layer F.CrtYd) (width 0.05))
    (fp_line (start -1.48 -0.73) (end 1.48 -0.73) (layer F.CrtYd) (width 0.05))
    (fp_line (start -1.48 0.73) (end -1.48 -0.73) (layer F.CrtYd) (width 0.05))
    (fp_line (start -0.162779 0.51) (end 0.162779 0.51) (layer F.SilkS) (width 0.12))
    (fp_line (start -0.162779 -0.51) (end 0.162779 -0.51) (layer F.SilkS) (width 0.12))
    (fp_line (start 0.8 0.4) (end -0.8 0.4) (layer F.Fab) (width 0.1))
    (fp_line (start 0.8 -0.4) (end 0.8 0.4) (layer F.Fab) (width 0.1))
    (fp_line (start -0.8 -0.4) (end 0.8 -0.4) (layer F.Fab) (width 0.1))
    (fp_line (start -0.8 0.4) (end -0.8 -0.4) (layer F.Fab) (width 0.1))
    (pad 2 smd roundrect (at 0.7875 0 90) (size 0.875 0.95) (layers F.Cu F.Paste F.Mask) (roundrect_rratio 0.25)
      (net 1 GND))
    (pad 1 smd roundrect (at -0.7875 0 90) (size 0.875 0.95) (layers F.Cu F.Paste F.Mask) (roundrect_rratio 0.25)
      (net 2 /OSC_IN))
    (model ${KISYS3DMOD}/Capacitor_SMD.3dshapes/C_0603_1608Metric.wrl
      (at (xyz 0 0 0))
      (scale (xyz 1 1 1))
      (rotate (xyz 0 0 0))
    )
  )

  (module Capacitor_SMD:C_0603_1608Metric (layer F.Cu) (tedit 5B9DC157) (tstamp 5BA99FD9)
    (at 129.794 111.252 270)
    (descr "Capacitor SMD 0603 (1608 Metric), square (rectangular) end terminal, IPC_7351 nominal, (Body size source: http://www.tortai-tech.com/upload/download/2011102023233369053.pdf), generated with kicad-footprint-generator")
    (tags capacitor)
    (path /5B9AFB25)
    (attr smd)
    (fp_text reference C2 (at 0 -1.43 270) (layer F.SilkS) hide
      (effects (font (size 1 1) (thickness 0.15)))
    )
    (fp_text value 22pF (at 0 1.43 270) (layer F.Fab)
      (effects (font (size 1 1) (thickness 0.15)))
    )
    (fp_line (start -0.8 0.4) (end -0.8 -0.4) (layer F.Fab) (width 0.1))
    (fp_line (start -0.8 -0.4) (end 0.8 -0.4) (layer F.Fab) (width 0.1))
    (fp_line (start 0.8 -0.4) (end 0.8 0.4) (layer F.Fab) (width 0.1))
    (fp_line (start 0.8 0.4) (end -0.8 0.4) (layer F.Fab) (width 0.1))
    (fp_line (start -0.162779 -0.51) (end 0.162779 -0.51) (layer F.SilkS) (width 0.12))
    (fp_line (start -0.162779 0.51) (end 0.162779 0.51) (layer F.SilkS) (width 0.12))
    (fp_line (start -1.48 0.73) (end -1.48 -0.73) (layer F.CrtYd) (width 0.05))
    (fp_line (start -1.48 -0.73) (end 1.48 -0.73) (layer F.CrtYd) (width 0.05))
    (fp_line (start 1.48 -0.73) (end 1.48 0.73) (layer F.CrtYd) (width 0.05))
    (fp_line (start 1.48 0.73) (end -1.48 0.73) (layer F.CrtYd) (width 0.05))
    (fp_text user %R (at 0 0 270) (layer F.Fab)
      (effects (font (size 0.4 0.4) (thickness 0.06)))
    )
    (pad 1 smd roundrect (at -0.7875 0 270) (size 0.875 0.95) (layers F.Cu F.Paste F.Mask) (roundrect_rratio 0.25)
      (net 3 /OSC_OUT))
    (pad 2 smd roundrect (at 0.7875 0 270) (size 0.875 0.95) (layers F.Cu F.Paste F.Mask) (roundrect_rratio 0.25)
      (net 1 GND))
    (model ${KISYS3DMOD}/Capacitor_SMD.3dshapes/C_0603_1608Metric.wrl
      (at (xyz 0 0 0))
      (scale (xyz 1 1 1))
      (rotate (xyz 0 0 0))
    )
  )

  (module Capacitor_SMD:C_0603_1608Metric (layer F.Cu) (tedit 5B9DC8BE) (tstamp 5BA99FEA)
    (at 155.702 114.5285 270)
    (descr "Capacitor SMD 0603 (1608 Metric), square (rectangular) end terminal, IPC_7351 nominal, (Body size source: http://www.tortai-tech.com/upload/download/2011102023233369053.pdf), generated with kicad-footprint-generator")
    (tags capacitor)
    (path /5B9BD31B)
    (attr smd)
    (fp_text reference C3 (at 0 -1.43 270) (layer F.SilkS) hide
      (effects (font (size 1 1) (thickness 0.15)))
    )
    (fp_text value 10nF (at 0 1.43 270) (layer F.Fab)
      (effects (font (size 1 1) (thickness 0.15)))
    )
    (fp_text user %R (at 0 0 270) (layer F.Fab)
      (effects (font (size 0.4 0.4) (thickness 0.06)))
    )
    (fp_line (start 1.48 0.73) (end -1.48 0.73) (layer F.CrtYd) (width 0.05))
    (fp_line (start 1.48 -0.73) (end 1.48 0.73) (layer F.CrtYd) (width 0.05))
    (fp_line (start -1.48 -0.73) (end 1.48 -0.73) (layer F.CrtYd) (width 0.05))
    (fp_line (start -1.48 0.73) (end -1.48 -0.73) (layer F.CrtYd) (width 0.05))
    (fp_line (start -0.162779 0.51) (end 0.162779 0.51) (layer F.SilkS) (width 0.12))
    (fp_line (start -0.162779 -0.51) (end 0.162779 -0.51) (layer F.SilkS) (width 0.12))
    (fp_line (start 0.8 0.4) (end -0.8 0.4) (layer F.Fab) (width 0.1))
    (fp_line (start 0.8 -0.4) (end 0.8 0.4) (layer F.Fab) (width 0.1))
    (fp_line (start -0.8 -0.4) (end 0.8 -0.4) (layer F.Fab) (width 0.1))
    (fp_line (start -0.8 0.4) (end -0.8 -0.4) (layer F.Fab) (width 0.1))
    (pad 2 smd roundrect (at 0.7875 0 270) (size 0.875 0.95) (layers F.Cu F.Paste F.Mask) (roundrect_rratio 0.25)
      (net 1 GND))
    (pad 1 smd roundrect (at -0.7875 0 270) (size 0.875 0.95) (layers F.Cu F.Paste F.Mask) (roundrect_rratio 0.25)
      (net 4 /RESET))
    (model ${KISYS3DMOD}/Capacitor_SMD.3dshapes/C_0603_1608Metric.wrl
      (at (xyz 0 0 0))
      (scale (xyz 1 1 1))
      (rotate (xyz 0 0 0))
    )
  )

  (module Capacitor_SMD:C_0603_1608Metric (layer F.Cu) (tedit 5B9DC95B) (tstamp 5BA99FFB)
    (at 147.447 106.8705 180)
    (descr "Capacitor SMD 0603 (1608 Metric), square (rectangular) end terminal, IPC_7351 nominal, (Body size source: http://www.tortai-tech.com/upload/download/2011102023233369053.pdf), generated with kicad-footprint-generator")
    (tags capacitor)
    (path /5B9AE1DD)
    (attr smd)
    (fp_text reference C4 (at 0 -1.43 180) (layer F.SilkS) hide
      (effects (font (size 1 1) (thickness 0.15)))
    )
    (fp_text value 100nF (at 0 1.43 180) (layer F.Fab)
      (effects (font (size 1 1) (thickness 0.15)))
    )
    (fp_text user %R (at 0 0 180) (layer F.Fab)
      (effects (font (size 0.4 0.4) (thickness 0.06)))
    )
    (fp_line (start 1.48 0.73) (end -1.48 0.73) (layer F.CrtYd) (width 0.05))
    (fp_line (start 1.48 -0.73) (end 1.48 0.73) (layer F.CrtYd) (width 0.05))
    (fp_line (start -1.48 -0.73) (end 1.48 -0.73) (layer F.CrtYd) (width 0.05))
    (fp_line (start -1.48 0.73) (end -1.48 -0.73) (layer F.CrtYd) (width 0.05))
    (fp_line (start -0.162779 0.51) (end 0.162779 0.51) (layer F.SilkS) (width 0.12))
    (fp_line (start -0.162779 -0.51) (end 0.162779 -0.51) (layer F.SilkS) (width 0.12))
    (fp_line (start 0.8 0.4) (end -0.8 0.4) (layer F.Fab) (width 0.1))
    (fp_line (start 0.8 -0.4) (end 0.8 0.4) (layer F.Fab) (width 0.1))
    (fp_line (start -0.8 -0.4) (end 0.8 -0.4) (layer F.Fab) (width 0.1))
    (fp_line (start -0.8 0.4) (end -0.8 -0.4) (layer F.Fab) (width 0.1))
    (pad 2 smd roundrect (at 0.7875 0 180) (size 0.875 0.95) (layers F.Cu F.Paste F.Mask) (roundrect_rratio 0.25)
      (net 1 GND))
    (pad 1 smd roundrect (at -0.7875 0 180) (size 0.875 0.95) (layers F.Cu F.Paste F.Mask) (roundrect_rratio 0.25)
      (net 5 +3V3))
    (model ${KISYS3DMOD}/Capacitor_SMD.3dshapes/C_0603_1608Metric.wrl
      (at (xyz 0 0 0))
      (scale (xyz 1 1 1))
      (rotate (xyz 0 0 0))
    )
  )

  (module Capacitor_SMD:C_0603_1608Metric (layer F.Cu) (tedit 5B9DC96F) (tstamp 5BA9A00C)
    (at 152.146 113.03 90)
    (descr "Capacitor SMD 0603 (1608 Metric), square (rectangular) end terminal, IPC_7351 nominal, (Body size source: http://www.tortai-tech.com/upload/download/2011102023233369053.pdf), generated with kicad-footprint-generator")
    (tags capacitor)
    (path /5B9AE0E3)
    (attr smd)
    (fp_text reference C5 (at 0 -1.43 90) (layer F.SilkS) hide
      (effects (font (size 1 1) (thickness 0.15)))
    )
    (fp_text value 100nF (at 0 1.43 90) (layer F.Fab)
      (effects (font (size 1 1) (thickness 0.15)))
    )
    (fp_line (start -0.8 0.4) (end -0.8 -0.4) (layer F.Fab) (width 0.1))
    (fp_line (start -0.8 -0.4) (end 0.8 -0.4) (layer F.Fab) (width 0.1))
    (fp_line (start 0.8 -0.4) (end 0.8 0.4) (layer F.Fab) (width 0.1))
    (fp_line (start 0.8 0.4) (end -0.8 0.4) (layer F.Fab) (width 0.1))
    (fp_line (start -0.162779 -0.51) (end 0.162779 -0.51) (layer F.SilkS) (width 0.12))
    (fp_line (start -0.162779 0.51) (end 0.162779 0.51) (layer F.SilkS) (width 0.12))
    (fp_line (start -1.48 0.73) (end -1.48 -0.73) (layer F.CrtYd) (width 0.05))
    (fp_line (start -1.48 -0.73) (end 1.48 -0.73) (layer F.CrtYd) (width 0.05))
    (fp_line (start 1.48 -0.73) (end 1.48 0.73) (layer F.CrtYd) (width 0.05))
    (fp_line (start 1.48 0.73) (end -1.48 0.73) (layer F.CrtYd) (width 0.05))
    (fp_text user %R (at 0 0 90) (layer F.Fab)
      (effects (font (size 0.4 0.4) (thickness 0.06)))
    )
    (pad 1 smd roundrect (at -0.7875 0 90) (size 0.875 0.95) (layers F.Cu F.Paste F.Mask) (roundrect_rratio 0.25)
      (net 5 +3V3))
    (pad 2 smd roundrect (at 0.7875 0 90) (size 0.875 0.95) (layers F.Cu F.Paste F.Mask) (roundrect_rratio 0.25)
      (net 1 GND))
    (model ${KISYS3DMOD}/Capacitor_SMD.3dshapes/C_0603_1608Metric.wrl
      (at (xyz 0 0 0))
      (scale (xyz 1 1 1))
      (rotate (xyz 0 0 0))
    )
  )

  (module Capacitor_SMD:C_0603_1608Metric (layer F.Cu) (tedit 5B9DC966) (tstamp 5BA9A01D)
    (at 136.5885 119.253 180)
    (descr "Capacitor SMD 0603 (1608 Metric), square (rectangular) end terminal, IPC_7351 nominal, (Body size source: http://www.tortai-tech.com/upload/download/2011102023233369053.pdf), generated with kicad-footprint-generator")
    (tags capacitor)
    (path /5B9AE1A5)
    (attr smd)
    (fp_text reference C6 (at 0 -1.43 180) (layer F.SilkS) hide
      (effects (font (size 1 1) (thickness 0.15)))
    )
    (fp_text value 100nF (at 0 1.43 180) (layer F.Fab)
      (effects (font (size 1 1) (thickness 0.15)))
    )
    (fp_line (start -0.8 0.4) (end -0.8 -0.4) (layer F.Fab) (width 0.1))
    (fp_line (start -0.8 -0.4) (end 0.8 -0.4) (layer F.Fab) (width 0.1))
    (fp_line (start 0.8 -0.4) (end 0.8 0.4) (layer F.Fab) (width 0.1))
    (fp_line (start 0.8 0.4) (end -0.8 0.4) (layer F.Fab) (width 0.1))
    (fp_line (start -0.162779 -0.51) (end 0.162779 -0.51) (layer F.SilkS) (width 0.12))
    (fp_line (start -0.162779 0.51) (end 0.162779 0.51) (layer F.SilkS) (width 0.12))
    (fp_line (start -1.48 0.73) (end -1.48 -0.73) (layer F.CrtYd) (width 0.05))
    (fp_line (start -1.48 -0.73) (end 1.48 -0.73) (layer F.CrtYd) (width 0.05))
    (fp_line (start 1.48 -0.73) (end 1.48 0.73) (layer F.CrtYd) (width 0.05))
    (fp_line (start 1.48 0.73) (end -1.48 0.73) (layer F.CrtYd) (width 0.05))
    (fp_text user %R (at 0 0 180) (layer F.Fab)
      (effects (font (size 0.4 0.4) (thickness 0.06)))
    )
    (pad 1 smd roundrect (at -0.7875 0 180) (size 0.875 0.95) (layers F.Cu F.Paste F.Mask) (roundrect_rratio 0.25)
      (net 5 +3V3))
    (pad 2 smd roundrect (at 0.7875 0 180) (size 0.875 0.95) (layers F.Cu F.Paste F.Mask) (roundrect_rratio 0.25)
      (net 1 GND))
    (model ${KISYS3DMOD}/Capacitor_SMD.3dshapes/C_0603_1608Metric.wrl
      (at (xyz 0 0 0))
      (scale (xyz 1 1 1))
      (rotate (xyz 0 0 0))
    )
  )

  (module Capacitor_SMD:C_0603_1608Metric (layer F.Cu) (tedit 5B9DC961) (tstamp 5BA9A02E)
    (at 133.1595 115.3795 180)
    (descr "Capacitor SMD 0603 (1608 Metric), square (rectangular) end terminal, IPC_7351 nominal, (Body size source: http://www.tortai-tech.com/upload/download/2011102023233369053.pdf), generated with kicad-footprint-generator")
    (tags capacitor)
    (path /5B9AE26F)
    (attr smd)
    (fp_text reference C7 (at 0 -1.43 180) (layer F.SilkS) hide
      (effects (font (size 1 1) (thickness 0.15)))
    )
    (fp_text value 100nF (at 0 1.43 180) (layer F.Fab)
      (effects (font (size 1 1) (thickness 0.15)))
    )
    (fp_line (start -0.8 0.4) (end -0.8 -0.4) (layer F.Fab) (width 0.1))
    (fp_line (start -0.8 -0.4) (end 0.8 -0.4) (layer F.Fab) (width 0.1))
    (fp_line (start 0.8 -0.4) (end 0.8 0.4) (layer F.Fab) (width 0.1))
    (fp_line (start 0.8 0.4) (end -0.8 0.4) (layer F.Fab) (width 0.1))
    (fp_line (start -0.162779 -0.51) (end 0.162779 -0.51) (layer F.SilkS) (width 0.12))
    (fp_line (start -0.162779 0.51) (end 0.162779 0.51) (layer F.SilkS) (width 0.12))
    (fp_line (start -1.48 0.73) (end -1.48 -0.73) (layer F.CrtYd) (width 0.05))
    (fp_line (start -1.48 -0.73) (end 1.48 -0.73) (layer F.CrtYd) (width 0.05))
    (fp_line (start 1.48 -0.73) (end 1.48 0.73) (layer F.CrtYd) (width 0.05))
    (fp_line (start 1.48 0.73) (end -1.48 0.73) (layer F.CrtYd) (width 0.05))
    (fp_text user %R (at 0 0 180) (layer F.Fab)
      (effects (font (size 0.4 0.4) (thickness 0.06)))
    )
    (pad 1 smd roundrect (at -0.7875 0 180) (size 0.875 0.95) (layers F.Cu F.Paste F.Mask) (roundrect_rratio 0.25)
      (net 5 +3V3))
    (pad 2 smd roundrect (at 0.7875 0 180) (size 0.875 0.95) (layers F.Cu F.Paste F.Mask) (roundrect_rratio 0.25)
      (net 1 GND))
    (model ${KISYS3DMOD}/Capacitor_SMD.3dshapes/C_0603_1608Metric.wrl
      (at (xyz 0 0 0))
      (scale (xyz 1 1 1))
      (rotate (xyz 0 0 0))
    )
  )

  (module Capacitor_SMD:C_0603_1608Metric (layer F.Cu) (tedit 5B9DC353) (tstamp 5BA9A03F)
    (at 167.386 117.348)
    (descr "Capacitor SMD 0603 (1608 Metric), square (rectangular) end terminal, IPC_7351 nominal, (Body size source: http://www.tortai-tech.com/upload/download/2011102023233369053.pdf), generated with kicad-footprint-generator")
    (tags capacitor)
    (path /5B9AC220)
    (attr smd)
    (fp_text reference C8 (at 0 -1.43) (layer F.SilkS) hide
      (effects (font (size 1 1) (thickness 0.15)))
    )
    (fp_text value 4.7uF (at 0 1.43) (layer F.Fab)
      (effects (font (size 1 1) (thickness 0.15)))
    )
    (fp_line (start -0.8 0.4) (end -0.8 -0.4) (layer F.Fab) (width 0.1))
    (fp_line (start -0.8 -0.4) (end 0.8 -0.4) (layer F.Fab) (width 0.1))
    (fp_line (start 0.8 -0.4) (end 0.8 0.4) (layer F.Fab) (width 0.1))
    (fp_line (start 0.8 0.4) (end -0.8 0.4) (layer F.Fab) (width 0.1))
    (fp_line (start -0.162779 -0.51) (end 0.162779 -0.51) (layer F.SilkS) (width 0.12))
    (fp_line (start -0.162779 0.51) (end 0.162779 0.51) (layer F.SilkS) (width 0.12))
    (fp_line (start -1.48 0.73) (end -1.48 -0.73) (layer F.CrtYd) (width 0.05))
    (fp_line (start -1.48 -0.73) (end 1.48 -0.73) (layer F.CrtYd) (width 0.05))
    (fp_line (start 1.48 -0.73) (end 1.48 0.73) (layer F.CrtYd) (width 0.05))
    (fp_line (start 1.48 0.73) (end -1.48 0.73) (layer F.CrtYd) (width 0.05))
    (fp_text user %R (at 0 0) (layer F.Fab)
      (effects (font (size 0.4 0.4) (thickness 0.06)))
    )
    (pad 1 smd roundrect (at -0.7875 0) (size 0.875 0.95) (layers F.Cu F.Paste F.Mask) (roundrect_rratio 0.25)
      (net 6 /5V))
    (pad 2 smd roundrect (at 0.7875 0) (size 0.875 0.95) (layers F.Cu F.Paste F.Mask) (roundrect_rratio 0.25)
      (net 1 GND))
    (model ${KISYS3DMOD}/Capacitor_SMD.3dshapes/C_0603_1608Metric.wrl
      (at (xyz 0 0 0))
      (scale (xyz 1 1 1))
      (rotate (xyz 0 0 0))
    )
  )

  (module Capacitor_SMD:C_0603_1608Metric (layer F.Cu) (tedit 5B9DC148) (tstamp 5BA9A050)
    (at 116.078 108.712 270)
    (descr "Capacitor SMD 0603 (1608 Metric), square (rectangular) end terminal, IPC_7351 nominal, (Body size source: http://www.tortai-tech.com/upload/download/2011102023233369053.pdf), generated with kicad-footprint-generator")
    (tags capacitor)
    (path /5B9D6E8C)
    (attr smd)
    (fp_text reference C9 (at 0 -1.43 270) (layer F.SilkS) hide
      (effects (font (size 1 1) (thickness 0.15)))
    )
    (fp_text value 22pF (at 0 1.43 270) (layer F.Fab)
      (effects (font (size 1 1) (thickness 0.15)))
    )
    (fp_line (start -0.8 0.4) (end -0.8 -0.4) (layer F.Fab) (width 0.1))
    (fp_line (start -0.8 -0.4) (end 0.8 -0.4) (layer F.Fab) (width 0.1))
    (fp_line (start 0.8 -0.4) (end 0.8 0.4) (layer F.Fab) (width 0.1))
    (fp_line (start 0.8 0.4) (end -0.8 0.4) (layer F.Fab) (width 0.1))
    (fp_line (start -0.162779 -0.51) (end 0.162779 -0.51) (layer F.SilkS) (width 0.12))
    (fp_line (start -0.162779 0.51) (end 0.162779 0.51) (layer F.SilkS) (width 0.12))
    (fp_line (start -1.48 0.73) (end -1.48 -0.73) (layer F.CrtYd) (width 0.05))
    (fp_line (start -1.48 -0.73) (end 1.48 -0.73) (layer F.CrtYd) (width 0.05))
    (fp_line (start 1.48 -0.73) (end 1.48 0.73) (layer F.CrtYd) (width 0.05))
    (fp_line (start 1.48 0.73) (end -1.48 0.73) (layer F.CrtYd) (width 0.05))
    (fp_text user %R (at 0 0 270) (layer F.Fab)
      (effects (font (size 0.4 0.4) (thickness 0.06)))
    )
    (pad 1 smd roundrect (at -0.7875 0 270) (size 0.875 0.95) (layers F.Cu F.Paste F.Mask) (roundrect_rratio 0.25)
      (net 7 /OSC32_IN))
    (pad 2 smd roundrect (at 0.7875 0 270) (size 0.875 0.95) (layers F.Cu F.Paste F.Mask) (roundrect_rratio 0.25)
      (net 1 GND))
    (model ${KISYS3DMOD}/Capacitor_SMD.3dshapes/C_0603_1608Metric.wrl
      (at (xyz 0 0 0))
      (scale (xyz 1 1 1))
      (rotate (xyz 0 0 0))
    )
  )

  (module Capacitor_SMD:C_0603_1608Metric (layer F.Cu) (tedit 5B9DC14B) (tstamp 5BA9A061)
    (at 121.92 108.712 270)
    (descr "Capacitor SMD 0603 (1608 Metric), square (rectangular) end terminal, IPC_7351 nominal, (Body size source: http://www.tortai-tech.com/upload/download/2011102023233369053.pdf), generated with kicad-footprint-generator")
    (tags capacitor)
    (path /5B9D6E93)
    (attr smd)
    (fp_text reference C10 (at 0 -1.43 270) (layer F.SilkS) hide
      (effects (font (size 1 1) (thickness 0.15)))
    )
    (fp_text value 22pF (at 0 1.43 270) (layer F.Fab)
      (effects (font (size 1 1) (thickness 0.15)))
    )
    (fp_text user %R (at 0 0 270) (layer F.Fab)
      (effects (font (size 0.4 0.4) (thickness 0.06)))
    )
    (fp_line (start 1.48 0.73) (end -1.48 0.73) (layer F.CrtYd) (width 0.05))
    (fp_line (start 1.48 -0.73) (end 1.48 0.73) (layer F.CrtYd) (width 0.05))
    (fp_line (start -1.48 -0.73) (end 1.48 -0.73) (layer F.CrtYd) (width 0.05))
    (fp_line (start -1.48 0.73) (end -1.48 -0.73) (layer F.CrtYd) (width 0.05))
    (fp_line (start -0.162779 0.51) (end 0.162779 0.51) (layer F.SilkS) (width 0.12))
    (fp_line (start -0.162779 -0.51) (end 0.162779 -0.51) (layer F.SilkS) (width 0.12))
    (fp_line (start 0.8 0.4) (end -0.8 0.4) (layer F.Fab) (width 0.1))
    (fp_line (start 0.8 -0.4) (end 0.8 0.4) (layer F.Fab) (width 0.1))
    (fp_line (start -0.8 -0.4) (end 0.8 -0.4) (layer F.Fab) (width 0.1))
    (fp_line (start -0.8 0.4) (end -0.8 -0.4) (layer F.Fab) (width 0.1))
    (pad 2 smd roundrect (at 0.7875 0 270) (size 0.875 0.95) (layers F.Cu F.Paste F.Mask) (roundrect_rratio 0.25)
      (net 1 GND))
    (pad 1 smd roundrect (at -0.7875 0 270) (size 0.875 0.95) (layers F.Cu F.Paste F.Mask) (roundrect_rratio 0.25)
      (net 8 /OSC32_OUT))
    (model ${KISYS3DMOD}/Capacitor_SMD.3dshapes/C_0603_1608Metric.wrl
      (at (xyz 0 0 0))
      (scale (xyz 1 1 1))
      (rotate (xyz 0 0 0))
    )
  )

  (module Capacitor_SMD:C_0603_1608Metric (layer F.Cu) (tedit 5B9DC363) (tstamp 5BA9A072)
    (at 163.576 117.348 180)
    (descr "Capacitor SMD 0603 (1608 Metric), square (rectangular) end terminal, IPC_7351 nominal, (Body size source: http://www.tortai-tech.com/upload/download/2011102023233369053.pdf), generated with kicad-footprint-generator")
    (tags capacitor)
    (path /5B9ADE99)
    (attr smd)
    (fp_text reference C11 (at 0 -1.43 180) (layer F.SilkS) hide
      (effects (font (size 1 1) (thickness 0.15)))
    )
    (fp_text value 4.7uF (at 0 1.43 180) (layer F.Fab)
      (effects (font (size 1 1) (thickness 0.15)))
    )
    (fp_text user %R (at 0 0 180) (layer F.Fab)
      (effects (font (size 0.4 0.4) (thickness 0.06)))
    )
    (fp_line (start 1.48 0.73) (end -1.48 0.73) (layer F.CrtYd) (width 0.05))
    (fp_line (start 1.48 -0.73) (end 1.48 0.73) (layer F.CrtYd) (width 0.05))
    (fp_line (start -1.48 -0.73) (end 1.48 -0.73) (layer F.CrtYd) (width 0.05))
    (fp_line (start -1.48 0.73) (end -1.48 -0.73) (layer F.CrtYd) (width 0.05))
    (fp_line (start -0.162779 0.51) (end 0.162779 0.51) (layer F.SilkS) (width 0.12))
    (fp_line (start -0.162779 -0.51) (end 0.162779 -0.51) (layer F.SilkS) (width 0.12))
    (fp_line (start 0.8 0.4) (end -0.8 0.4) (layer F.Fab) (width 0.1))
    (fp_line (start 0.8 -0.4) (end 0.8 0.4) (layer F.Fab) (width 0.1))
    (fp_line (start -0.8 -0.4) (end 0.8 -0.4) (layer F.Fab) (width 0.1))
    (fp_line (start -0.8 0.4) (end -0.8 -0.4) (layer F.Fab) (width 0.1))
    (pad 2 smd roundrect (at 0.7875 0 180) (size 0.875 0.95) (layers F.Cu F.Paste F.Mask) (roundrect_rratio 0.25)
      (net 1 GND))
    (pad 1 smd roundrect (at -0.7875 0 180) (size 0.875 0.95) (layers F.Cu F.Paste F.Mask) (roundrect_rratio 0.25)
      (net 5 +3V3))
    (model ${KISYS3DMOD}/Capacitor_SMD.3dshapes/C_0603_1608Metric.wrl
      (at (xyz 0 0 0))
      (scale (xyz 1 1 1))
      (rotate (xyz 0 0 0))
    )
  )

  (module Capacitor_SMD:C_0603_1608Metric (layer F.Cu) (tedit 5B9DC969) (tstamp 5BA9A083)
    (at 133.4135 119.253)
    (descr "Capacitor SMD 0603 (1608 Metric), square (rectangular) end terminal, IPC_7351 nominal, (Body size source: http://www.tortai-tech.com/upload/download/2011102023233369053.pdf), generated with kicad-footprint-generator")
    (tags capacitor)
    (path /5BAF0608)
    (attr smd)
    (fp_text reference C12 (at 0 -1.43) (layer F.SilkS) hide
      (effects (font (size 1 1) (thickness 0.15)))
    )
    (fp_text value 2.2uF (at 0 1.43) (layer F.Fab)
      (effects (font (size 1 1) (thickness 0.15)))
    )
    (fp_line (start -0.8 0.4) (end -0.8 -0.4) (layer F.Fab) (width 0.1))
    (fp_line (start -0.8 -0.4) (end 0.8 -0.4) (layer F.Fab) (width 0.1))
    (fp_line (start 0.8 -0.4) (end 0.8 0.4) (layer F.Fab) (width 0.1))
    (fp_line (start 0.8 0.4) (end -0.8 0.4) (layer F.Fab) (width 0.1))
    (fp_line (start -0.162779 -0.51) (end 0.162779 -0.51) (layer F.SilkS) (width 0.12))
    (fp_line (start -0.162779 0.51) (end 0.162779 0.51) (layer F.SilkS) (width 0.12))
    (fp_line (start -1.48 0.73) (end -1.48 -0.73) (layer F.CrtYd) (width 0.05))
    (fp_line (start -1.48 -0.73) (end 1.48 -0.73) (layer F.CrtYd) (width 0.05))
    (fp_line (start 1.48 -0.73) (end 1.48 0.73) (layer F.CrtYd) (width 0.05))
    (fp_line (start 1.48 0.73) (end -1.48 0.73) (layer F.CrtYd) (width 0.05))
    (fp_text user %R (at 0 0) (layer F.Fab)
      (effects (font (size 0.4 0.4) (thickness 0.06)))
    )
    (pad 1 smd roundrect (at -0.7875 0) (size 0.875 0.95) (layers F.Cu F.Paste F.Mask) (roundrect_rratio 0.25)
      (net 9 "Net-(C12-Pad1)"))
    (pad 2 smd roundrect (at 0.7875 0) (size 0.875 0.95) (layers F.Cu F.Paste F.Mask) (roundrect_rratio 0.25)
      (net 1 GND))
    (model ${KISYS3DMOD}/Capacitor_SMD.3dshapes/C_0603_1608Metric.wrl
      (at (xyz 0 0 0))
      (scale (xyz 1 1 1))
      (rotate (xyz 0 0 0))
    )
  )

  (module Capacitor_SMD:C_0603_1608Metric (layer F.Cu) (tedit 5B9DC96C) (tstamp 5BA9A094)
    (at 151.384 115.824)
    (descr "Capacitor SMD 0603 (1608 Metric), square (rectangular) end terminal, IPC_7351 nominal, (Body size source: http://www.tortai-tech.com/upload/download/2011102023233369053.pdf), generated with kicad-footprint-generator")
    (tags capacitor)
    (path /5BAF0309)
    (attr smd)
    (fp_text reference C13 (at 0 -1.43) (layer F.SilkS) hide
      (effects (font (size 1 1) (thickness 0.15)))
    )
    (fp_text value 2.2uF (at 0 1.43) (layer F.Fab)
      (effects (font (size 1 1) (thickness 0.15)))
    )
    (fp_text user %R (at 0 0) (layer F.Fab)
      (effects (font (size 0.4 0.4) (thickness 0.06)))
    )
    (fp_line (start 1.48 0.73) (end -1.48 0.73) (layer F.CrtYd) (width 0.05))
    (fp_line (start 1.48 -0.73) (end 1.48 0.73) (layer F.CrtYd) (width 0.05))
    (fp_line (start -1.48 -0.73) (end 1.48 -0.73) (layer F.CrtYd) (width 0.05))
    (fp_line (start -1.48 0.73) (end -1.48 -0.73) (layer F.CrtYd) (width 0.05))
    (fp_line (start -0.162779 0.51) (end 0.162779 0.51) (layer F.SilkS) (width 0.12))
    (fp_line (start -0.162779 -0.51) (end 0.162779 -0.51) (layer F.SilkS) (width 0.12))
    (fp_line (start 0.8 0.4) (end -0.8 0.4) (layer F.Fab) (width 0.1))
    (fp_line (start 0.8 -0.4) (end 0.8 0.4) (layer F.Fab) (width 0.1))
    (fp_line (start -0.8 -0.4) (end 0.8 -0.4) (layer F.Fab) (width 0.1))
    (fp_line (start -0.8 0.4) (end -0.8 -0.4) (layer F.Fab) (width 0.1))
    (pad 2 smd roundrect (at 0.7875 0) (size 0.875 0.95) (layers F.Cu F.Paste F.Mask) (roundrect_rratio 0.25)
      (net 1 GND))
    (pad 1 smd roundrect (at -0.7875 0) (size 0.875 0.95) (layers F.Cu F.Paste F.Mask) (roundrect_rratio 0.25)
      (net 10 "Net-(C13-Pad1)"))
    (model ${KISYS3DMOD}/Capacitor_SMD.3dshapes/C_0603_1608Metric.wrl
      (at (xyz 0 0 0))
      (scale (xyz 1 1 1))
      (rotate (xyz 0 0 0))
    )
  )

  (module Capacitor_SMD:C_0603_1608Metric (layer F.Cu) (tedit 5B9DC95E) (tstamp 5BA9A0A5)
    (at 134.62 108.585 135)
    (descr "Capacitor SMD 0603 (1608 Metric), square (rectangular) end terminal, IPC_7351 nominal, (Body size source: http://www.tortai-tech.com/upload/download/2011102023233369053.pdf), generated with kicad-footprint-generator")
    (tags capacitor)
    (path /5BB44AF5)
    (attr smd)
    (fp_text reference C14 (at 0 -1.43 135) (layer F.SilkS) hide
      (effects (font (size 1 1) (thickness 0.15)))
    )
    (fp_text value 100nF (at 0 1.43 135) (layer F.Fab)
      (effects (font (size 1 1) (thickness 0.15)))
    )
    (fp_text user %R (at 0 0 135) (layer F.Fab)
      (effects (font (size 0.4 0.4) (thickness 0.06)))
    )
    (fp_line (start 1.48 0.73) (end -1.48 0.73) (layer F.CrtYd) (width 0.05))
    (fp_line (start 1.48 -0.73) (end 1.48 0.73) (layer F.CrtYd) (width 0.05))
    (fp_line (start -1.48 -0.73) (end 1.48 -0.73) (layer F.CrtYd) (width 0.05))
    (fp_line (start -1.48 0.73) (end -1.48 -0.73) (layer F.CrtYd) (width 0.05))
    (fp_line (start -0.162779 0.51) (end 0.162779 0.51) (layer F.SilkS) (width 0.12))
    (fp_line (start -0.162779 -0.51) (end 0.162779 -0.51) (layer F.SilkS) (width 0.12))
    (fp_line (start 0.8 0.4) (end -0.8 0.4) (layer F.Fab) (width 0.1))
    (fp_line (start 0.8 -0.4) (end 0.8 0.4) (layer F.Fab) (width 0.1))
    (fp_line (start -0.8 -0.4) (end 0.8 -0.4) (layer F.Fab) (width 0.1))
    (fp_line (start -0.8 0.4) (end -0.8 -0.4) (layer F.Fab) (width 0.1))
    (pad 2 smd roundrect (at 0.7875 0 135) (size 0.875 0.95) (layers F.Cu F.Paste F.Mask) (roundrect_rratio 0.25)
      (net 1 GND))
    (pad 1 smd roundrect (at -0.7875 0 135) (size 0.875 0.95) (layers F.Cu F.Paste F.Mask) (roundrect_rratio 0.25)
      (net 5 +3V3))
    (model ${KISYS3DMOD}/Capacitor_SMD.3dshapes/C_0603_1608Metric.wrl
      (at (xyz 0 0 0))
      (scale (xyz 1 1 1))
      (rotate (xyz 0 0 0))
    )
  )

  (module LED_SMD:LED_0603_1608Metric (layer F.Cu) (tedit 5B9DC163) (tstamp 5BA9A0B8)
    (at 177.546 107.442)
    (descr "LED SMD 0603 (1608 Metric), square (rectangular) end terminal, IPC_7351 nominal, (Body size source: http://www.tortai-tech.com/upload/download/2011102023233369053.pdf), generated with kicad-footprint-generator")
    (tags diode)
    (path /5B9D2567)
    (attr smd)
    (fp_text reference D1 (at 0 -1.43) (layer F.SilkS) hide
      (effects (font (size 1 1) (thickness 0.15)))
    )
    (fp_text value GREEN (at 0 1.43) (layer F.Fab)
      (effects (font (size 1 1) (thickness 0.15)))
    )
    (fp_text user %R (at 0 0) (layer F.Fab)
      (effects (font (size 0.4 0.4) (thickness 0.06)))
    )
    (fp_line (start 1.48 0.73) (end -1.48 0.73) (layer F.CrtYd) (width 0.05))
    (fp_line (start 1.48 -0.73) (end 1.48 0.73) (layer F.CrtYd) (width 0.05))
    (fp_line (start -1.48 -0.73) (end 1.48 -0.73) (layer F.CrtYd) (width 0.05))
    (fp_line (start -1.48 0.73) (end -1.48 -0.73) (layer F.CrtYd) (width 0.05))
    (fp_line (start -1.485 0.735) (end 0.8 0.735) (layer F.SilkS) (width 0.12))
    (fp_line (start -1.485 -0.735) (end -1.485 0.735) (layer F.SilkS) (width 0.12))
    (fp_line (start 0.8 -0.735) (end -1.485 -0.735) (layer F.SilkS) (width 0.12))
    (fp_line (start 0.8 0.4) (end 0.8 -0.4) (layer F.Fab) (width 0.1))
    (fp_line (start -0.8 0.4) (end 0.8 0.4) (layer F.Fab) (width 0.1))
    (fp_line (start -0.8 -0.1) (end -0.8 0.4) (layer F.Fab) (width 0.1))
    (fp_line (start -0.5 -0.4) (end -0.8 -0.1) (layer F.Fab) (width 0.1))
    (fp_line (start 0.8 -0.4) (end -0.5 -0.4) (layer F.Fab) (width 0.1))
    (pad 2 smd roundrect (at 0.7875 0) (size 0.875 0.95) (layers F.Cu F.Paste F.Mask) (roundrect_rratio 0.25)
      (net 5 +3V3))
    (pad 1 smd roundrect (at -0.7875 0) (size 0.875 0.95) (layers F.Cu F.Paste F.Mask) (roundrect_rratio 0.25)
      (net 11 "Net-(D1-Pad1)"))
    (model ${KISYS3DMOD}/LED_SMD.3dshapes/LED_0603_1608Metric.wrl
      (at (xyz 0 0 0))
      (scale (xyz 1 1 1))
      (rotate (xyz 0 0 0))
    )
  )

  (module LED_SMD:LED_0603_1608Metric (layer F.Cu) (tedit 5B9DC166) (tstamp 5BA9A0CB)
    (at 177.546 109.728)
    (descr "LED SMD 0603 (1608 Metric), square (rectangular) end terminal, IPC_7351 nominal, (Body size source: http://www.tortai-tech.com/upload/download/2011102023233369053.pdf), generated with kicad-footprint-generator")
    (tags diode)
    (path /5BDB8AB8)
    (attr smd)
    (fp_text reference D2 (at 0 -1.43) (layer F.SilkS) hide
      (effects (font (size 1 1) (thickness 0.15)))
    )
    (fp_text value GREEN (at 0 1.43) (layer F.Fab)
      (effects (font (size 1 1) (thickness 0.15)))
    )
    (fp_line (start 0.8 -0.4) (end -0.5 -0.4) (layer F.Fab) (width 0.1))
    (fp_line (start -0.5 -0.4) (end -0.8 -0.1) (layer F.Fab) (width 0.1))
    (fp_line (start -0.8 -0.1) (end -0.8 0.4) (layer F.Fab) (width 0.1))
    (fp_line (start -0.8 0.4) (end 0.8 0.4) (layer F.Fab) (width 0.1))
    (fp_line (start 0.8 0.4) (end 0.8 -0.4) (layer F.Fab) (width 0.1))
    (fp_line (start 0.8 -0.735) (end -1.485 -0.735) (layer F.SilkS) (width 0.12))
    (fp_line (start -1.485 -0.735) (end -1.485 0.735) (layer F.SilkS) (width 0.12))
    (fp_line (start -1.485 0.735) (end 0.8 0.735) (layer F.SilkS) (width 0.12))
    (fp_line (start -1.48 0.73) (end -1.48 -0.73) (layer F.CrtYd) (width 0.05))
    (fp_line (start -1.48 -0.73) (end 1.48 -0.73) (layer F.CrtYd) (width 0.05))
    (fp_line (start 1.48 -0.73) (end 1.48 0.73) (layer F.CrtYd) (width 0.05))
    (fp_line (start 1.48 0.73) (end -1.48 0.73) (layer F.CrtYd) (width 0.05))
    (fp_text user %R (at 0 0) (layer F.Fab)
      (effects (font (size 0.4 0.4) (thickness 0.06)))
    )
    (pad 1 smd roundrect (at -0.7875 0) (size 0.875 0.95) (layers F.Cu F.Paste F.Mask) (roundrect_rratio 0.25)
      (net 12 "Net-(D2-Pad1)"))
    (pad 2 smd roundrect (at 0.7875 0) (size 0.875 0.95) (layers F.Cu F.Paste F.Mask) (roundrect_rratio 0.25)
      (net 5 +3V3))
    (model ${KISYS3DMOD}/LED_SMD.3dshapes/LED_0603_1608Metric.wrl
      (at (xyz 0 0 0))
      (scale (xyz 1 1 1))
      (rotate (xyz 0 0 0))
    )
  )

  (module Connector_PinHeader_2.54mm:PinHeader_1x02_P2.54mm_Vertical (layer F.Cu) (tedit 5B9DC12F) (tstamp 5BA9A0E1)
    (at 111.76 111.76 180)
    (descr "Through hole straight pin header, 1x02, 2.54mm pitch, single row")
    (tags "Through hole pin header THT 1x02 2.54mm single row")
    (path /5BA727BC)
    (fp_text reference J1 (at 0 -2.33 180) (layer F.SilkS) hide
      (effects (font (size 1 1) (thickness 0.15)))
    )
    (fp_text value Conn_01x02 (at 0 4.87 180) (layer F.Fab)
      (effects (font (size 1 1) (thickness 0.15)))
    )
    (fp_line (start -0.635 -1.27) (end 1.27 -1.27) (layer F.Fab) (width 0.1))
    (fp_line (start 1.27 -1.27) (end 1.27 3.81) (layer F.Fab) (width 0.1))
    (fp_line (start 1.27 3.81) (end -1.27 3.81) (layer F.Fab) (width 0.1))
    (fp_line (start -1.27 3.81) (end -1.27 -0.635) (layer F.Fab) (width 0.1))
    (fp_line (start -1.27 -0.635) (end -0.635 -1.27) (layer F.Fab) (width 0.1))
    (fp_line (start -1.33 3.87) (end 1.33 3.87) (layer F.SilkS) (width 0.12))
    (fp_line (start -1.33 1.27) (end -1.33 3.87) (layer F.SilkS) (width 0.12))
    (fp_line (start 1.33 1.27) (end 1.33 3.87) (layer F.SilkS) (width 0.12))
    (fp_line (start -1.33 1.27) (end 1.33 1.27) (layer F.SilkS) (width 0.12))
    (fp_line (start -1.33 0) (end -1.33 -1.33) (layer F.SilkS) (width 0.12))
    (fp_line (start -1.33 -1.33) (end 0 -1.33) (layer F.SilkS) (width 0.12))
    (fp_line (start -1.8 -1.8) (end -1.8 4.35) (layer F.CrtYd) (width 0.05))
    (fp_line (start -1.8 4.35) (end 1.8 4.35) (layer F.CrtYd) (width 0.05))
    (fp_line (start 1.8 4.35) (end 1.8 -1.8) (layer F.CrtYd) (width 0.05))
    (fp_line (start 1.8 -1.8) (end -1.8 -1.8) (layer F.CrtYd) (width 0.05))
    (fp_text user %R (at 0 1.27 270) (layer F.Fab)
      (effects (font (size 1 1) (thickness 0.15)))
    )
    (pad 1 thru_hole rect (at 0 0 180) (size 1.7 1.7) (drill 1) (layers *.Cu *.Mask)
      (net 13 /BOOT0))
    (pad 2 thru_hole oval (at 0 2.54 180) (size 1.7 1.7) (drill 1) (layers *.Cu *.Mask)
      (net 5 +3V3))
    (model ${KISYS3DMOD}/Connector_PinHeader_2.54mm.3dshapes/PinHeader_1x02_P2.54mm_Vertical.wrl
      (at (xyz 0 0 0))
      (scale (xyz 1 1 1))
      (rotate (xyz 0 0 0))
    )
  )

  (module Connector_PinHeader_2.54mm:PinHeader_1x29_P2.54mm_Vertical (layer B.Cu) (tedit 5B9D5412) (tstamp 5BA9A112)
    (at 106.68 121.92 270)
    (descr "Through hole straight pin header, 1x29, 2.54mm pitch, single row")
    (tags "Through hole pin header THT 1x29 2.54mm single row")
    (path /5BFD6837)
    (fp_text reference J2 (at 0 2.33 270) (layer B.SilkS) hide
      (effects (font (size 1 1) (thickness 0.15)) (justify mirror))
    )
    (fp_text value Conn_01x29 (at 0 -73.45 270) (layer B.Fab)
      (effects (font (size 1 1) (thickness 0.15)) (justify mirror))
    )
    (fp_text user %R (at 0 -35.56 180) (layer B.Fab)
      (effects (font (size 1 1) (thickness 0.15)) (justify mirror))
    )
    (fp_line (start 1.8 1.8) (end -1.8 1.8) (layer B.CrtYd) (width 0.05))
    (fp_line (start 1.8 -72.9) (end 1.8 1.8) (layer B.CrtYd) (width 0.05))
    (fp_line (start -1.8 -72.9) (end 1.8 -72.9) (layer B.CrtYd) (width 0.05))
    (fp_line (start -1.8 1.8) (end -1.8 -72.9) (layer B.CrtYd) (width 0.05))
    (fp_line (start -1.33 1.33) (end 0 1.33) (layer B.SilkS) (width 0.12))
    (fp_line (start -1.33 0) (end -1.33 1.33) (layer B.SilkS) (width 0.12))
    (fp_line (start -1.33 -1.27) (end 1.33 -1.27) (layer B.SilkS) (width 0.12))
    (fp_line (start 1.33 -1.27) (end 1.33 -72.45) (layer B.SilkS) (width 0.12))
